7 0.597656 0.159051 0.092188 0.072056
8 0.414844 0.752197 0.092188 0.070299
13 0.603125 0.686878 0.092188 0.070885
13 0.096484 0.531634 0.097656 0.069713
12 0.303125 0.531049 0.089063 0.067370
10 0.403125 0.226421 0.090625 0.073228
11 0.403125 0.381957 0.090625 0.070299
9 0.507031 0.600469 0.092188 0.067955
9 0.812109 0.528998 0.097656 0.069127
6 0.612109 0.294376 0.092969 0.072056
6 0.703516 0.284417 0.089844 0.073228
5 0.716797 0.608084 0.096094 0.067955
0 0.605078 0.829818 0.092969 0.074400
2 0.107813 0.613943 0.095312 0.069127
1 0.309375 0.683656 0.090625 0.066784
