0 0.485938 0.810486 0.089063 0.073228
1 0.583594 0.809022 0.092188 0.076157
1 0.385156 0.805214 0.092188 0.073228
2 0.275391 0.814001 0.094531 0.074400
2 0.704688 0.813415 0.092188 0.075571
3 0.804688 0.816052 0.093750 0.076157
3 0.178125 0.811951 0.096875 0.076157
4 0.910547 0.809315 0.092969 0.075571
4 0.075000 0.814587 0.098437 0.075571
5 0.170703 0.670182 0.097656 0.071470
5 0.818750 0.661394 0.093750 0.072642
6 0.078516 0.593439 0.097656 0.070299
6 0.287891 0.578207 0.094531 0.071470
6 0.485938 0.586116 0.089063 0.066198
6 0.692187 0.574985 0.089063 0.067370
6 0.898047 0.571470 0.091406 0.066198
7 0.487891 0.142941 0.088281 0.066784
8 0.589453 0.140305 0.085156 0.066198
8 0.385547 0.140598 0.083594 0.067955
9 0.685937 0.147042 0.082812 0.066784
9 0.292578 0.147042 0.085156 0.066784
10 0.200391 0.141476 0.088281 0.069713
10 0.787109 0.145284 0.086719 0.066784
11 0.092969 0.148213 0.093750 0.069127
11 0.876953 0.151435 0.085156 0.067370
12 0.186719 0.286760 0.090625 0.066198
12 0.789062 0.284710 0.087500 0.067955
13 0.083594 0.357059 0.090625 0.066198
13 0.296094 0.366139 0.092188 0.067955
13 0.490625 0.353251 0.087500 0.066784
13 0.696484 0.358231 0.086719 0.063855
13 0.871875 0.359695 0.090625 0.066784
