0 0.490596 0.735018 0.083072 0.062280
1 0.488636 0.670094 0.086991 0.064042
1 0.578762 0.601645 0.082288 0.062280
2 0.483542 0.594888 0.083072 0.060517
2 0.681034 0.734430 0.087774 0.066980
4 0.486285 0.396592 0.082288 0.063455
3 0.295846 0.458578 0.085423 0.062867
4 0.773511 0.187720 0.079937 0.065217
6 0.119122 0.395711 0.086207 0.062867
6 0.858150 0.455347 0.089342 0.063455
7 0.392633 0.126028 0.083072 0.067568
8 0.480016 0.196240 0.083856 0.063455
8 0.574843 0.122503 0.082288 0.064042
9 0.483150 0.268508 0.083856 0.066980
10 0.201019 0.331669 0.085423 0.065217
11 0.385188 0.261163 0.083856 0.065217
11 0.868730 0.597826 0.085423 0.064042
12 0.670455 0.376910 0.083856 0.062867
13 0.206505 0.540247 0.085423 0.062867
13 0.304467 0.543478 0.085423 0.061105
