0 0.524219 0.330697 0.087500 0.063855
2 0.718359 0.338606 0.082031 0.064441
2 0.930078 0.786467 0.096094 0.073228
3 0.802344 0.206503 0.089063 0.063855
6 0.089453 0.775923 0.097656 0.073228
6 0.124219 0.342414 0.092188 0.063855
6 0.311328 0.263913 0.083594 0.063855
7 0.900000 0.554774 0.089063 0.067955
8 0.314453 0.485647 0.086719 0.065612
8 0.883984 0.139133 0.082031 0.063855
10 0.126562 0.139426 0.084375 0.065612
10 0.519141 0.475688 0.083594 0.064441
13 0.623047 0.548037 0.085156 0.065026
11 0.305469 0.634739 0.090625 0.070885
