0 0.505878 0.816392 0.088558 0.073443
1 0.500784 0.733549 0.090909 0.073443
1 0.397335 0.814042 0.092476 0.071093
2 0.501959 0.660106 0.093260 0.071093
2 0.710815 0.819330 0.092476 0.073443
3 0.398903 0.357227 0.086207 0.068155
4 0.918103 0.433314 0.101097 0.073443
6 0.391066 0.511751 0.090909 0.068155
6 0.706505 0.594007 0.096395 0.071680
7 0.494122 0.121915 0.094828 0.073443
8 0.601097 0.126028 0.094044 0.073443
8 0.501567 0.196240 0.090909 0.071680
9 0.707680 0.123678 0.094044 0.075793
9 0.917712 0.272327 0.101881 0.074618
10 0.191223 0.500000 0.097179 0.070505
12 0.715909 0.414806 0.096395 0.070505
13 0.581505 0.515276 0.094044 0.066980
13 0.287226 0.362515 0.094828 0.072855
13 0.087774 0.433901 0.094044 0.069918
