7 0.492578 0.235501 0.083594 0.067955
0 0.495703 0.720562 0.080469 0.066784
8 0.588281 0.299356 0.076563 0.065612
9 0.487891 0.307850 0.082031 0.066198
12 0.780078 0.310193 0.086719 0.065026
10 0.677734 0.589045 0.085156 0.063855
11 0.203516 0.651435 0.088281 0.064441
4 0.681641 0.305214 0.085156 0.066784
6 0.578125 0.445518 0.081250 0.062683
5 0.867188 0.594318 0.090625 0.063855
3 0.386719 0.510252 0.081250 0.064441
5 0.383984 0.723199 0.083594 0.066198
2 0.500391 0.652314 0.082031 0.062683
2 0.680859 0.802578 0.083594 0.065612
