0 0.780172 0.227673 0.088558 0.067568
1 0.110893 0.170682 0.083856 0.064042
1 0.125000 0.772914 0.083856 0.064042
3 0.681426 0.438014 0.083856 0.064042
4 0.302508 0.297297 0.086207 0.068155
5 0.299765 0.718273 0.083856 0.064042
6 0.296238 0.584900 0.083072 0.061692
6 0.487069 0.568743 0.080721 0.064630
6 0.667712 0.569330 0.089342 0.062280
11 0.201019 0.300529 0.085423 0.066392
7 0.764890 0.703584 0.090909 0.066392
9 0.288401 0.436251 0.086207 0.062867
9 0.869906 0.361927 0.090909 0.064630
10 0.490204 0.229730 0.083856 0.066980
10 0.569749 0.363102 0.084639 0.064630
8 0.486285 0.427438 0.082288 0.061692
13 0.678292 0.361927 0.085423 0.064630
13 0.395768 0.573443 0.079937 0.059929
13 0.576411 0.571387 0.085423 0.064042
